0.005 0.409 0.811 0.846 0.482 0.696 0.705 0.566 0.615
0.021 0.537 0.879 0.881 0.617 0.8   0.811 0.673 0.633
0.068 0.673 0.925 0.903 0.703 0.876 0.883 0.769 0.641
0.179 0.776 0.956 0.948 0.803 0.924 0.938 0.865 0.629
0.281 0.829 0.965 0.96  0.86  0.949 0.963 0.908 0.629
0.404 0.883 0.977 0.974 0.892 0.969 0.974 0.927 0.636
0.533 0.914 0.984 0.978 0.931 0.974 0.984 0.954 0.642
2000.    1542.508 1155.61   417.935  993.882 1446.574 1265.752 1379.788 708.388
2000.    1449.38   998.749  352.932  804.443 1316.549 1119.474 1246.805 704.866
2000.    1321.98   860.346  305.387  633.848 1181.614  975.736 1112.831 706.726
2000.    1155.646  690.554  264.311  477.983 1026.794  837.123  943.43 707.119
2000.    1034.232  595.684  239.528  376.636  889.919  712.95   819.42 708.482
2000.     897.508  522.033  224.059  294.064  773.538  645.98   709.996 704.968
2000.     781.699  453.591  208.589  222.205  669.805  556.707  596.017 704.984
0.031 0.006 0.01  0.045 0.011 0.009 0.017 0.029 0.021
0.044 0.008 0.013 0.064 0.014 0.012 0.022 0.04  0.03 
0.062 0.01  0.016 0.097 0.016 0.016 0.028 0.055 0.042
0.098 0.014 0.023 0.162 0.021 0.023 0.041 0.084 0.067
0.137 0.019 0.031 0.211 0.026 0.031 0.062 0.116 0.095
0.197 0.025 0.044 0.219 0.032 0.041 0.09  0.159 0.133
0.277 0.032 0.066 0.188 0.045 0.053 0.124 0.215 0.189
