0.419 0.752 0.786 0.936 0.91  0.772 0.767 0.686 0.445
0.16  0.769 0.953 0.945 0.81  0.923 0.94  0.86  0.647
0.014 0.492 0.971 0.929 0.57  0.827 0.911 0.75  0.718
0.002 0.293 0.925 0.908 0.377 0.668 0.795 0.588 0.756
0.002 0.177 0.856 0.887 0.242 0.531 0.676 0.458 0.801

2000.     825.322  535.115  351.799  274.042  706.431  773.881  719.728 641.218
2000.    1155.291  699.405  260.614  493.588 1032.708  819.645  939.318 705.289
2000.    1482.803 1034.535  245.373  829.965 1400.847 1163.081 1306.486 688.503
2000.    1667.918 1278.703  238.899 1075.044 1571.571 1356.003 1487.245 664.959
2000.    1729.944 1436.682  231.255 1200.495 1655.207 1507.594 1587.691 652.34 

0.217 0.026 0.037 0.135 0.03  0.044 0.118 0.191 0.13 
0.099 0.014 0.022 0.166 0.021 0.023 0.043 0.085 0.067
0.045 0.008 0.014 0.153 0.015 0.012 0.021 0.039 0.032                           
0.029 0.006 0.011 0.139 0.012 0.008 0.015 0.026 0.021
0.029 0.005 0.009 0.128 0.011 0.007 0.013 0.02  0.015  
