0.606 0.939 0.951 0.94  0.915 0.941 0.946 0.931 0.638
0.172 0.769 0.956 0.945 0.799 0.925 0.943 0.854 0.639
0.051 0.574 0.962 0.94  0.728 0.851 0.932 0.753 0.654
0.02 0.386 0.962 0.94 0.668 0.781 0.935 0.662 0.64 

2000.  689.851  478.136  267.482  293.496  592.136  538.513  525.895 874.716
2000.    1146.878  698.884  263.62   490.217 1026.136  816.16   936.236 704.045
2000.    1368.717  766.355  265.768  563.921 1222.766  946.423 1187.124 612.173
2000.    1489.646  811.642  256.474  614.039 1352.816 1042.979 1338.287 550.142

0.055 0.009 0.015 0.11  0.018 0.013 0.026 0.041 0.038
0.099 0.014 0.023 0.163 0.021 0.022 0.043 0.084 0.066
0.111 0.016 0.026 0.181 0.021 0.026 0.05  0.1   0.073
0.118 0.017 0.028 0.194 0.022 0.028 0.055 0.107 0.076
